isf   = 1
is    = 1
m	  = 11

wc    = 6.68119
attwc = 3.0103
wp    = 6.28319
attwp = 1
ws    = 12.5664
attws = 60

wp1   = 3.39132e-319
wp2   = 2.02369e-320
ws1   = 4.04739e-320
ws2   = 3.39132e-319
bandw = 8.48798e-314
w0    = 3.84502e-319

fgain = 1
eps   = 0
rmax  = 6.68119
rmin  = 6.68119

polem = 11
zerom = 0
gainb = 1.18411e+09
gains = 1

impn  = 11
stpn  = 12

pole0 = (-0.950832,6.61318)
pole1 = (-2.77547,6.07742)
pole2 = (-4.37525,5.04931)
pole3 = (-5.62057,3.61212)
pole4 = (-6.41055,1.88231)
pole5 = (-6.68119,8.1821e-16)
pole6 = (-6.41055,-1.88231)
pole7 = (-5.62057,-3.61212)
pole8 = (-4.37525,-5.04931)
pole9 = (-2.77547,-6.07742)
pole10 = (-0.950832,-6.61318)

